00100000
00000010
00000000
00000000
00000000
00000000
00100000
00100000
00010000
00000001
00000000
00111100
00000000
00000001
01010000
00100010
00000000
00001010
01011000
00101010
00010000
00001011
00000000
00100000
00000000
00101010
01010000
00100000
00001000
00000000
00000000
00001100
00000000
00001000
01010000
00100000
00010000
00001010
00000000
00110000
00000000
00001001
01010000
00100000
00001000
00000000
00000000
00001100
00000000
00000000
00001000
00100000
00000000
00000001
01000000
00100000
00001000
00000000
00000000
00111100
00000000
00000000
00000000
00000000
00001000
00000000
00000000
00000010